																																											
			Ejercicio Código Binario																																								
																																											
#1																																											
	LETRA	E	m	p	e	z	a	m	o	s		e	l		p	r	i	m	e	r		t	r	i	m	e	s	t	r	e		e	n		I	V	N		2	0	2	4	.
	ASCCI	69	109	112	101	122	97	109	111	115	32	101	108	32	112	114	105	109	101	114	32	116	114	105	109	101	115	116	114	101	32	101	110	32	73	86	78	32	50	48	50	52	46
	BINARIO	1000101	1101101	1110000	1100101	1111010	1100001	1101101	1101111	1110011	100000	1100101	1101100	100000	1110000	1110010	1101001	1101101	1100101	1110010	100000	1110100	1110010	1101001	1101101	1100101	1110011	1110100	1110010	1100101	100000	1100101	1101110	100000	1001001	1010110	1001110	100000	110010	110000	110010	110100	101110
	BINARIO (8 bits)	01000101	01101101	01110000	01100101	01111010	01100001	01101101	01101111	01110011	00100000	01100101	01101100	00100000	01110000	01110010	01101001	01101101	01100101	01110010	00100000	01110100	01110010	01101001	01101101	01100101	01110011	01110100	01110010	01100101	00100000	01100101	01101110	00100000	01001001	01010110	01001110	00100000	00110010	00110000	00110010	00110100	00101110
																																											
																																											
#2																																											
	LETRA	A	l	e	s	s	a	n	d	r	o																																
	ASCCI	65	108	101	115	115	97	110	100	114	111																																
	BINARIO	1000001	1101100	1100101	1110011	1110011	1100001	1101110	1100100	1110010	1101111																																
	BINARIO (8 bits)	01000001	01101100	01100101	01110011	01110011	01100001	01101110	01100100	01110010	01101111																																
